Accuracy: 0.43828666837914204
              precision    recall  f1-score   support

           1       0.00      0.00      0.00        49
           2       0.10      0.01      0.01       383
           3       0.00      0.00      0.00        68
           5       0.00      0.00      0.00        89
           7       0.39      0.70      0.50       789
           8       0.00      0.00      0.00        29
           9       0.00      0.00      0.00        22
          10       0.00      0.00      0.00        90
          11       0.59      0.63      0.61      1733
          12       0.00      0.00      0.00       121
          13       0.00      0.00      0.00       101
          14       0.00      0.00      0.00        30
          15       0.31      0.39      0.34       775
          16       0.00      0.00      0.00        67
          17       0.65      0.14      0.23       436
          18       0.34      0.16      0.22      1096
          19       0.21      0.19      0.20       117
          20       0.00      0.00      0.00        12
          21       0.63      0.25      0.36      1410
          22       0.00      0.00      0.00         5
          23       0.13      0.09      0.11        97
          24       0.00      0.00      0.00        83
          25       1.00      0.01      0.01       149
          26       0.00      0.00      0.00        18
          27       0.00      0.00      0.00        36
          28       0.29      0.53      0.37      2180
          29       0.57      0.23      0.32       405
          30       0.00      0.00      0.00        64
          31       0.00      0.00      0.00         8
          32       0.13      0.11      0.12       121
          33       0.00      0.00      0.00        51
          34       0.16      0.24      0.19        96
          36       0.00      0.00      0.00       283
          37       0.46      0.02      0.03       343
          38       0.15      0.41      0.22       106
          39       0.57      0.74      0.64      3883
          40       0.22      0.17      0.19       204
          41       0.00      0.00      0.00        23

    accuracy                           0.44     15572
   macro avg       0.18      0.13      0.12     15572
weighted avg       0.43      0.44      0.40     15572
