Accuracy: 0.2566786539943488
              precision    recall  f1-score   support

           1       0.00      0.00      0.00        49
           2       0.00      0.00      0.00       383
           3       0.00      0.00      0.00        68
           4       0.00      0.00      0.00        89
           5       0.53      0.07      0.12       789
           6       0.00      0.00      0.00        29
           7       0.00      0.00      0.00        22
           8       0.00      0.00      0.00        90
           9       0.38      0.67      0.48      1733
          10       0.00      0.00      0.00       121
          11       0.00      0.00      0.00       101
          12       0.00      0.00      0.00        30
          13       0.75      0.12      0.21       775
          14       0.00      0.00      0.00        67
          15       0.00      0.00      0.00       436
          16       0.00      0.00      0.00      1096
          17       0.23      0.08      0.11       117
          18       0.00      0.00      0.00        12
          19       0.51      0.43      0.47      1410
          20       0.00      0.00      0.00         5
          21       0.15      0.11      0.13        97
          22       0.00      0.00      0.00        83
          23       0.00      0.00      0.00       149
          24       0.00      0.00      0.00        18
          25       0.00      0.00      0.00        36
          26       0.19      0.91      0.32      2180
          27       0.00      0.00      0.00       405
          28       0.00      0.00      0.00        64
          29       0.00      0.00      0.00         8
          30       0.00      0.00      0.00       121
          31       0.00      0.00      0.00        51
          32       0.12      0.15      0.13        96
          33       0.00      0.00      0.00       283
          34       0.00      0.00      0.00       343
          35       0.14      0.62      0.23       106
          36       0.00      0.00      0.00      3883
          37       0.00      0.00      0.00       204
          38       0.00      0.00      0.00        23

    accuracy                           0.26     15572
   macro avg       0.08      0.08      0.06     15572
weighted avg       0.18      0.26      0.16     15572
